3.14159

3.141593

3.1415927

3.14159274

3.141592741

3.1415927410

3.14159274101

3.141592741013

3.1415927410126

3.14159274101257

3.141592741012573

3.1415927410125732

3.14159274101257324

3.141592741012573242

3.1415927410125732422

3.14159274101257324219

3.141592741012573242188

3.1415927410125732421875

3.14159274101257324218750

3.141592741012573242187500

3.1415927410125732421875000

3.14159274101257324218750000

3.141592741012573242187500000

3.1415927410125732421875000000

3.14159274101257324218750000000

3.141592741012573242187500000000

3.1415927410125732421875000000000

3.14159274101257324218750000000000

3.141592741012573242187500000000000

3.1415927410125732421875000000000000

3.14159274101257324218750000000000000

3.141592741012573242187500000000000000

3.1415927410125732421875000000000000000


38

3.14159274101257324218750000000000000000

3.141592741012573242187500000000000000000

3.1415927410125732421875000000000000000000

3.14159274101257324218750000000000000000000

3.141592741012573242187500000000000000000000

3.1415927410125732421875000000000000000000000

3.14159274101257324218750000000000000000000000

3.141592741012573242187500000000000000000000000

3.1415927410125732421875000000000000000000000000

3.14159274101257324218750000000000000000000000000

3.141592741012573242187500000000000000000000000000

3.1415927410125732421875000000000000000000000000000

3.14159274101257324218750000000000000000000000000000

3.141592741012573242187500000000000000000000000000000

3.1415927410125732421875000000000000000000000000000000

3.14159274101257324218750000000000000000000000000000000

3.141592741012573242187500000000000000000000000000000000

3.1415927410125732421875000000000000000000000000000000000

3.14159274101257324218750000000000000000000000000000000000

3.141592741012573242187500000000000000000000000000000000000

3.1415927410125732421875000000000000000000000000000000000000

3.14159274101257324218750000000000000000000000000000000000000

3.141592741012573242187500000000000000000000000000000000000000

3.1415927410125732421875000000000000000000000000000000000000000

3.14159274101257324218750000000000000000000000000000000000000000

3.141592741012573242187500000000000000000000000000000000000000000

3.1415927410125732421875000000000000000000000000000000000000000000

3.14159274101257324218750000000000000000000000000000000000000000000

3.141592741012573242187500000000000000000000000000000000000000000000

3.1415927410125732421875000000000000000000000000000000000000000000000

3.14159274101257324218750000000000000000000000000000000000000000000000

3.141592741012573242187500000000000000000000000000000000000000000000000

3.1415927410125732421875000000000000000000000000000000000000000000000000

3.14159274101257324218750000000000000000000000000000000000000000000000000

3.141592741012573242187500000000000000000000000000000000000000000000000000

3.1415927410125732421875000000000000000000000000000000000000000000000000000

3.14159274101257324218750000000000000000000000000000000000000000000000000000

3.141592741012573242187500000000000000000000000000000000000000000000000000000

3.1415927410125732421875000000000000000000000000000000000000000000000000000000

3.14159274101257324218750000000000000000000000000000000000000000000000000000000

3.141592741012573242187500000000000000000000000000000000000000000000000000000000

3.1415927410125732421875000000000000000000000000000000000000000000000000000000000

3.14159274101257324218750000000000000000000000000000000000000000000000000000000000

3.141592741012573242187500000000000000000000000000000000000000000000000000000000000

3.1415927410125732421875000000000000000000000000000000000000000000000000000000000000

3.14159274101257324218750000000000000000000000000000000000000000000000000000000000000

3.141592741012573242187500000000000000000000000000000000000000000000000000000000000000

3.1415927410125732421875000000000000000000000000000000000000000000000000000000000000000

3.14159274101257324218750000000000000000000000000000000000000000000000000000000000000000

3.141592741012573242187500000000000000000000000000000000000000000000000000000000000000000

3.1415927410125732421875000000000000000000000000000000000000000000000000000000000000000000

3.14159274101257324218750000000000000000000000000000000000000000000000000000000000000000000

3.141592741012573242187500000000000000000000000000000000000000000000000000000000000000000000

3.1415927410125732421875000000000000000000000000000000000000000000000000000000000000000000000

3.14159274101257324218750000000000000000000000000000000000000000000000000000000000000000000000

3.141592741012573242187500000000000000000000000000000000000000000000000000000000000000000000000

3.1415927410125732421875000000000000000000000000000000000000000000000000000000000000000000000000

3.14159274101257324218750000000000000000000000000000000000000000000000000000000000000000000000000

3.141592741012573242187500000000000000000000000000000000000000000000000000000000000000000000000000

3.1415927410125732421875000000000000000000000000000000000000000000000000000000000000000000000000000

3.14159274101257324218750000000000000000000000000000000000000000000000000000000000000000000000000000

3.141592741012573242187500000000000000000000000000000000000000000000000000000000000000000000000000000

